1    20184001   Tran_Huu_An          0982046098 5.00 
2    20184002   Bui_Thanh_Binh       0948460622 5.00 
3    20184002   Bui_Thanh_Binh       0948460622 5.00 
4    20184002   Bui_Thanh_Binh       0948460622 5.00 
5    20184003   Dao_Ngoc_Diep        0934220354 5.00 
6    20184004   Tong_Minh_Hong       0915848768 5.00 
7    20184005   Dang_Linh_Trang      0908355020 5.00 
8    20184006   Mai_Kim_Yen          0942552618 5.00 
9    20184006   Mai_Kim_Yen          0942552618 5.00 
10   20184006   Mai_Kim_Yen          0942552618 5.00 
11   8          8                    8          8.00 
